"156"	"136"	"169"	"221"	"150"	"152"	"104"	"170"	"163"	"117"	"140"	"109"	"115"	"214"	"105"	"199"	"129"	"126"	"202"	"227"	"194"	"172"	"141"	"203"	"110"	"235"	"137"	"201"	"236"	"149"	"190"	"233"	"128"	"166"	"101"	"143"	"162"	"161"	"193"	"173"	"147"	"139"	"216"	"234"	"175"	"158"	"218"	"196"	"197"	"189"	"153"	"135"	"133"	"121"	"155"	"220"	"185"	"127"	"165"	"217"
"g__Actinomyces,s__"	0	0	0	0	0.0378678582845	0.0384973467381	0	0.0540074076557	0.00862440906119	0.0323372596952	0.010441759965	0.0207124265882	0	0	0.0208274996239	0	0	0.00598251988004	0.0109487926514	0.0200375465185	0.0667910418986	0.0259456958263	0.0410024670696	0.0075723166257	0.0220836955974	0.0259457223479	0.0106509769722	0	0.0356665659053	0	0.0123629612327	0	0	0.0100113364452	0.0336085823622	0.0134026336582	0.0365209814934	0.00971937864633	0.044991181197	0	0.030084950931	0.00900038396117	0.038803229788	0.0418728152301	0	0.0036787008392	0.0276920834679	0	0.0678104430813	0.0345856176818	0	0	0	0.0303714843196	0	0.0126725660693	0	0	0	0.0329865262559
"g__Brevibacterium,Other"	0	0	0	0	0	0	0.00927345946381	0	0.0157026288533	0	0	0	0	0.00764596933751	0	0	0.0125400278748	0.0114483472998	0	0	0	0	0	0	0	0.00825662511377	0	0	0	0	0	0	0	0	0	0	0	0	0	0	0	0	0	0	0	0	0	0.00622472249932	0	0	0	0	0	0	0	0	0	0	0	0
"g__Corynebacterium,s__durum"	0	0	0	0	0	0	0	0	0	0	0	0	0	0	0	0	0	0	0	0	0	0	0	0	0	0	0	0	0	0	0	0	0	0	0	0	0	0.00794876068688	0	0	0	0	0	0	0	0	0	0.00982252734393	0	0	0	0	0	0	0	0	0	0	0	0
"g__Corynebacterium,s__kroppenstedtii"	0	0	0	0	0	0	0.00954063200256	0	0	0	0.00196425395303	0	0	0	0.004665071757	0	0.0218014453153	0	0	0	0	0	0	0	0	0	0	0	0	0	0.0104740003312	0	0	0	0	0	0	0	0	0	0	0	0	0	0	0	0.00369032458618	0	0	0	0	0	0	0	0	0	0	0	0	0
"g__Corynebacterium,s__simulans"	0	0	0	0	0.00187161558696	0	0.00285437721986	0	0	0	0.00196425395303	0	0	0	0	0	0	0	0	0	0	0	0.0167268339103	0	0	0	0	0	0	0	0	0	0	0	0	0	0	0	0	0	0	0	0	0	0	0	0	0.0116302589321	0	0.00929780486942	0	0	0	0	0	0	0	0	0	0
"g__Corynebacterium,s__variabile"	0	0	0	0	0.00377442697951	0	0	0	0	0	0	0	0	0	0	0	0	0	0	0	0	0	0	0	0	0	0	0	0.00790580440266	0	0	0	0	0	0	0	0.00277020227677	0	0	0	0.00864476142667	0	0	0	0	0	0	0	0	0	0	0	0	0	0	0	0	0	0	0
"g__Brachybacterium,s__"	0	0	0	0	0	0	0	0	0	0	0.00674571028396	0.00565657762246	0	0.00191840433151	0	0	0	0	0	0	0	0	0	0	0	0	0	0.0130755787013	0	0	0	0	0	0	0	0	0	0	0	0	0	0	0	0	0	0	0	0	0	0	0	0	0	0	0	0	0	0	0	0
"g__Brachybacterium,s__conglomeratum"	0.00612389568906	0	0	0	0	0	0	0	0	0	0.00510072543029	0	0	0.00269495637109	0.00807435566575	0	0	0	0	0	0	0	0	0	0	0	0	0.0253801760816	0	0	0	0	0	0	0	0	0	0	0	0	0	0	0	0	0	0	0	0	0	0	0	0	0	0	0	0	0	0	0	0
"g__Dietzia,s__"	0	0	0	0	0	0	0.00467899008508	0	0	0	0	0	0.0131212804887	0	0	0	0	0	0.00504619945785	0	0	0	0	0	0	0	0	0	0	0	0	0	0	0	0	0	0	0.0062400730079	0	0	0	0	0	0	0	0	0	0	0	0	0	0	0	0	0	0	0	0	0	0
"g__Blastococcus,s__aggregatus"	0	0	0	0	0	0	0	0	0.00910905276086	0	0	0	0	0	0	0	0	0	0	0	0	0	0	0	0	0	0	0	0	0	0	0	0	0	0	0	0	0	0	0	0	0	0	0	0	0	0	0	0	0	0	0	0	0	0	0	0	0	0	0
"g__Gordonia,s__"	0	0	0	0	0.00105840067202	0	0.0105374591415	0	0	0	0	0	0	0	0	0.00744983856799	0	0	0	0	0	0	0	0	0	0	0	0	0	0	0	0	0	0	0	0	0	0	0	0	0	0	0	0	0	0	0	0	0	0	0	0	0	0	0	0	0	0	0	0.00480690607707
"g__Knoellia,s__subterranea"	0	0	0	0	0.00341388311582	0	0	0	0	0	0	0.0137225815287	0	0.00476190843179	0.00528755712853	0	0	0	0	0	0	0	0	0	0	0	0	0	0.00521267702572	0	0	0	0	0	0	0	0	0	0	0	0	0	0	0	0	0	0	0.0114111350872	0	0	0	0.0126256549846	0	0	0	0	0	0	0	0
"g__Microbacterium,Other"	0	0	0	0	0	0	0	0	0	0	0	0	0	0	0	0	0	0	0	0	0	0	0	0	0	0	0.00778937535036	0	0.00521267702572	0	0	0	0	0	0	0	0	0	0	0	0	0	0	0	0	0	0	0	0	0	0	0	0	0	0	0	0	0	0	0
"g__Kocuria,Other"	0	0	0	0	0	0	0	0	0	0	0	0	0.00454577759312	0.00384297406811	0	0	0	0	0	0	0	0	0	0	0	0	0	0	0	0	0	0	0	0	0	0	0	0	0	0	0	0	0	0	0	0	0	0.0077499207783	0	0	0	0	0.0121457685097	0	0	0	0	0	0	0
"g__Kocuria,s__palustris"	0	0	0	0	0.0037361291501	0	0	0	0	0	0	0	0	0	0	0.00744983856799	0.00600941697075	0	0	0	0	0	0	0	0	0	0	0	0	0	0	0	0	0	0	0	0	0	0	0	0	0	0	0	0	0	0	0	0	0	0	0	0.0146274407614	0	0	0	0	0	0	0
"g__Microbispora,s__rosea"	0	0	0	0	0.00105840067202	0	0	0	0.00862440906119	0	0	0	0	0	0	0	0	0	0	0.00205784994218	0	0	0	0	0	0	0	0	0	0	0	0	0	0	0	0	0	0	0	0	0	0	0	0	0	0	0	0	0	0	0	0	0	0	0	0	0	0	0	0
"g__Micrococcus,s__"	0.00579316905623	0	0	0	0.00421754016692	0	0.00397138436479	0.00857903990333	0	0.00736754410146	0	0.0264180491362	0	0.0120002866913	0.00536126956683	0.00744983856799	0	0	0	0.00620645278271	0	0	0.0249435533456	0	0	0.0148310395394	0	0	0	0	0	0	0	0	0	0	0	0	0	0	0	0	0	0	0	0.0167812021581	0.00369032458618	0.0180553232326	0	0	0	0.0192863153251	0	0	0	0	0	0	0	0
"g__Rothia,s__dentocariosa"	0	0	0	0	0.00843760254791	0	0	0	0	0	0	0	0.0143566696773	0	0	0	0	0	0	0.00755202448263	0	0	0	0	0	0	0	0	0	0	0	0	0	0	0.00542293046956	0	0	0	0	0	0	0	0	0	0	0	0	0	0	0	0	0	0	0	0	0	0	0	0	0
"g__Rothia,s__mucilaginosa"	0.00612389568906	0	0.00947903837238	0.00784813827708	0.0247870587586	0.0308526026667	0.0262566772719	0.027348905292	0.016937302645	0.00300876938581	0.023081495468	0.00974956529219	0	0.00678570265677	0.0297714613318	0.0124746131477	0.0123971225101	0.00458851225048	0.00381310351815	0.0194125672487	0.0105389916352	0.00470808191177	0.0261417531757	0.0518368601047	0.0115658620886	0.0102897634677	0.0294383714151	0	0.0166337820801	0.0277812089097	0.0468739204959	0	0.0259098166675	0	0.00860323329375	0.00910360863546	0.00860296028091	0.0209636755934	0.0127495622195	0	0	0	0.00970531216412	0.0252329776729	0.0263859842777	0	0.014421638516	0.0314343991367	0.0261488404915	0	0	0.0297716643758	0	0.0214147767923	0	0	0	0	0.00979416278728	0.0271472549756
"g__Rhodococcus,s__"	0	0	0.00444206229492	0	0	0	0	0	0	0	0.0051887996646	0	0	0.00863994824142	0	0	0	0.00894522859832	0	0	0	0	0	0	0	0	0	0	0	0	0	0	0	0	0	0	0	0	0	0	0	0	0	0	0	0	0	0	0	0	0	0	0.0190887047146	0	0	0	0	0	0	0
"g__Propionibacterium,s__acnes"	0.00804899537022	0	0.0230035790828	0.026631961197	0.02841990988	0.0102505355137	0.0210512361528	0.0142328800998	0.0265005827401	0.0107959223114	0.016305464546	0.0235924955228	0.0228350620917	0.0272422277844	0.0266944967364	0.0394806312879	0.0216624821676	0.0225440754676	0.0178011917336	0.00880454803765	0.0168925688666	0.0264065432551	0.0216846998314	0.0168130217425	0	0.00987976003904	0	0.0154808542904	0.00653996992914	0	0.0109688587386	0	0.0164303412003	0	0.0134642362894	0.0112297979254	0	0.0224823457353	0.00821283588009	0.0271243061014	0	0	0.0080025290961	0	0	0	0.00806009297443	0.012185533203	0.00667173163587	0.0134902688265	0	0.0126256549846	0.00825630177392	0	0.0197409171151	0.0160824136029	0	0	0.00979416278728	0.00612712868491
"g__Propionibacterium,s__granulosum"	0	0	0	0	0.00482658849042	0	0	0	0	0.00300876938581	0	0	0	0.00589374194042	0.00423149541795	0	0	0	0	0	0	0.00883437457656	0	0	0	0	0	0	0	0	0	0	0	0	0	0	0	0	0	0	0	0	0	0	0	0	0	0	0	0	0	0	0	0	0	0	0	0	0	0
"g__Bifidobacterium,s__"	0	0	0	0	0	0.00454699638779	0	0	0	0	0	0	0	0	0	0	0	0	0	0.00205784994218	0	0	0	0	0	0	0	0	0	0	0	0	0	0	0	0	0	0	0	0	0	0	0	0	0	0	0	0.0195601341648	0.00835809153816	0	0	0	0	0	0	0	0	0	0	0
"g__Bifidobacterium,s__bifidum"	0	0	0	0	0	0	0	0	0	0	0	0	0	0	0	0	0	0	0	0	0	0	0	0	0	0	0	0	0	0	0	0	0	0	0	0	0	0	0	0	0	0	0	0	0	0	0	0.0116302589321	0	0	0	0	0	0	0	0	0	0	0	0
"g__Bifidobacterium,s__breve"	0	0	0.00578224294607	0	0.00282866307787	0	0	0	0	0	0	0	0	0	0	0	0.0135658255783	0	0.0229979887933	0	0	0	0	0	0	0	0	0	0	0	0	0	0	0	0	0	0	0	0	0	0	0	0.0108070180534	0	0	0	0	0	0	0	0	0	0	0	0	0	0	0	0	0
"g__Bifidobacterium,s__longum"	0	0	0	0	0	0	0	0	0.0123686492323	0	0	0	0	0	0	0	0	0	0	0.00280833806903	0	0	0	0.00534106966858	0.00675586420336	0	0	0	0	0	0	0	0	0	0	0	0	0	0	0.0196828280276	0	0	0.00694022267287	0.00568438790075	0	0	0	0.0146662077641	0	0	0	0.0171460093912	0	0	0	0	0	0	0	0.0204831997695
"g__Gardnerella,s__"	0	0	0	0	0.00301165634594	0.00894615455538	0	0	0	0	0	0	0	0	0	0	0	0	0	0.00834903668193	0	0	0	0	0	0.010408544799	0	0	0	0	0	0	0	0.00639172353256	0	0	0	0	0	0	0	0	0	0	0	0	0	0	0	0	0	0	0	0	0	0	0	0	0	0
"g__Atopobium,s__"	0	0	0	0	0.00351749301479	0	0	0	0	0.00959903366361	0	0	0	0	0	0	0.00600941697075	0	0	0	0.00697027273768	0	0	0.0152618954318	0	0	0	0	0	0	0.00413501491978	0	0	0	0	0	0.00745016858101	0	0.00918241745705	0.0145499368506	0	0	0.00886783818895	0.00887226417376	0	0	0.00369032458618	0	0.0118512783693	0.00929780486942	0	0	0	0.0122336925052	0	0	0	0	0.00979416278728	0.011711221338
"g__Collinsella,s__aerofaciens"	0	0	0	0	0.00246499963362	0	0	0	0	0	0	0	0	0	0	0	0	0	0	0	0	0	0	0	0	0	0	0	0	0	0	0	0	0	0	0	0	0	0	0	0	0	0	0	0	0	0	0	0	0	0	0	0	0	0	0	0	0	0	0
"g__Bacteroides,s__"	0	0	0	0	0	0	0	0	0	0	0	0	0	0	0	0	0	0	0	0	0	0	0.00860438357702	0	0	0	0	0	0	0	0	0	0	0	0	0	0	0	0	0	0	0	0	0	0	0	0	0.00622472249932	0	0	0	0	0	0	0	0	0	0	0	0
"g__Porphyromonas,s__"	0.00793573102477	0	0	0	0.0099818612984	0	0.00954063200256	0.0162377841164	0	0.0369265069167	0	0	0	0.00715793898985	0.00867665654208	0	0	0	0	0.0113907027037	0.00755790121838	0.0105042077374	0.0262357671515	0	0	0.0393721694963	0	0	0.0162476630657	0	0	0	0	0	0	0	0.0129652399836	0	0.00821283588009	0	0	0	0.00736218692048	0.00868107030032	0.0163154998794	0.0137863838188	0.00738064917236	0	0	0.0134902688265	0	0	0	0	0	0	0.0154130934179	0	0	0
"g__Prevotella,s__"	0	0	0	0	0.00479612279943	0.0074108763459	0	0	0	0.00482889077863	0	0	0	0	0.0124909685536	0	0.0075564086075	0	0	0	0	0	0.0159622209239	0	0	0.0028790932009	0	0	0	0	0	0	0	0	0	0	0.01279181901	0.0062400730079	0	0.0242395842578	0	0.00732936126919	0.0170545900445	0	0	0	0	0.00622472249932	0	0	0	0	0	0	0	0.0119651502747	0	0	0	0.00480690607707
"g__Prevotella,s__melaninogenica"	0.00804899537022	0	0	0	0.0169231935372	0.0226077085407	0	0.011656052167	0.0148088778307	0.0203165368409	0.00913183620972	0.0134649070353	0.0136649553162	0.00500775396026	0.018277785268	0	0.0192514879816	0.00458851225048	0.0116948406788	0.0115771527887	0.010275727432	0.0291910880727	0.0272918617318	0	0.0279030070658	0.031230168997	0.00778937535036	0	0.00993219074926	0	0.00537970033239	0	0	0	0.0125966961646	0	0.0387630097952	0.0325110082452	0.0395436254495	0	0.0105908541328	0.0219633794638	0.0426817239862	0.0467480554606	0.0297216425489	0.0036787008392	0.0100595670976	0	0.0256862471095	0.0168802462396	0	0.0126256549846	0	0.0113421315372	0	0	0	0	0.00979416278728	0.0404370033447
"g__Prevotella,s__nanceiensis"	0	0	0	0	0.00588698038408	0.0053466252156	0	0	0	0.00903534629491	0.00196425395303	0	0	0.00767930105885	0.00573529606919	0	0	0	0.0269979166175	0.00567407941376	0	0	0.0137117534053	0	0	0.00460828738482	0	0	0	0	0	0	0	0	0	0	0.0085273163811	0	0	0.0277663511174	0	0.00732936126919	0.00903498336415	0	0	0	0	0	0	0	0	0	0	0	0	0	0	0	0	0
"g__[Prevotella],s__"	0.00965532555944	0	0	0	0.00506865466695	0.00999313249195	0.0124080752253	0.0128730888692	0.0163283987225	0.0361565373513	0	0.0183248818866	0.00586489759664	0.00825200939222	0.0116501337808	0	0	0.0134573990376	0	0.0228034291602	0.0268404914344	0.0217151827389	0.00890925929233	0.00534106966858	0.0123619513681	0.0124976098878	0	0	0.00790580440266	0.0238296865792	0	0.00804444450034	0	0	0	0	0.00873958151946	0	0.00821283588009	0	0.0121902826426	0	0.0251419691853	0.0224782389755	0.0243668853157	0	0.0090733618055	0	0.014439445509	0.0134902688265	0	0	0	0	0	0	0	0	0	0.0147011873905
"g__Capnocytophaga,s__"	0	0	0	0	0	0	0.0220051904697	0	0	0	0	0	0	0	0	0	0	0	0	0	0	0.0116291540415	0	0	0	0	0	0	0	0	0	0	0	0	0	0	0	0	0	0	0	0.00900038396117	0	0	0	0.0036787008392	0	0	0	0	0	0	0	0	0	0	0	0	0	0
"g__Chryseobacterium,s__"	0	0	0	0	0.00105840067202	0	0	0	0	0	0.0119170936297	0	0	0.00665430246052	0.0173584428454	0	0	0	0.00678188886869	0.0085411474906	0	0	0.00324482157755	0	0	0	0	0	0.0149530039004	0	0.00537970033239	0	0	0	0	0	0	0	0	0	0.00864476142667	0	0	0	0	0	0	0	0	0	0	0	0	0	0	0	0	0	0	0
"g__Cloacibacterium,s__"	0	0	0	0	0	0	0	0	0	0	0	0	0.0141890641801	0	0	0	0	0	0	0	0	0	0	0	0	0	0	0	0	0	0	0	0	0	0	0	0	0	0	0	0	0	0	0	0	0	0	0	0	0	0	0	0	0	0	0	0	0	0	0
"g__Wautersiella,s__"	0	0	0	0	0	0	0	0	0	0	0	0	0	0	0	0	0	0	0	0	0	0	0	0	0.00675586420336	0	0	0	0	0	0	0	0	0	0	0	0	0	0	0	0	0	0	0	0	0	0	0	0	0	0	0	0	0	0	0	0	0	0	0
"g__Alicyclobacillus,s__"	0.00306930608507	0	0	0.00636780359379	0.00388095733688	0	0.00781292532562	0	0	0.00751786959403	0	0	0	0	0.00740436424472	0	0	0.0105979672454	0.0058036290552	0.00648922361848	0	0	0	0	0	0.00958035046917	0	0	0	0	0	0	0	0	0	0	0	0	0	0	0	0	0.00564904972656	0	0	0	0	0	0	0	0	0	0	0	0	0	0	0	0	0
"g__Anoxybacillus,Other"	0	0	0	0	0	0	0	0	0	0	0	0	0	0	0	0	0	0	0.0101029476878	0	0.0115003390164	0.0165412081497	0	0	0	0	0	0	0	0	0	0	0	0	0.00860323329375	0	0	0	0	0	0	0	0	0	0	0	0	0	0	0	0	0	0	0	0	0	0	0	0	0
"g__Brochothrix,s__"	0	0	0	0	0	0.00929815575819	0	0	0	0.00682950909356	0	0	0	0	0	0	0	0	0	0	0	0	0	0	0	0	0	0	0	0	0	0	0	0	0	0	0	0	0	0	0	0	0	0	0	0	0	0	0	0	0	0	0	0	0	0	0	0	0	0
"g__Planomicrobium,s__"	0	0	0	0	0	0	0	0	0	0	0	0	0	0.00191840433151	0	0	0	0	0	0.00362012121909	0	0	0	0	0	0	0	0	0	0	0	0	0	0	0	0	0	0	0	0	0	0	0	0	0	0	0	0	0	0	0	0	0	0	0	0	0	0	0	0
"g__Jeotgalicoccus,s__psychrophilus"	0.00991877685019	0	0	0	0	0	0	0	0	0	0	0	0	0	0	0	0	0	0	0.00540793695369	0	0	0	0	0	0	0	0	0	0	0	0	0	0	0	0	0	0	0	0	0	0	0	0	0	0	0	0.00622472249932	0	0	0	0	0	0	0	0	0	0	0	0
"g__Salinicoccus,s__"	0	0	0	0	0	0	0	0	0	0	0.0066863323678	0	0	0.00583285856503	0	0	0	0	0	0.00669380570893	0	0	0	0	0	0	0	0	0	0	0	0	0	0	0	0	0	0	0	0	0	0	0	0	0	0.0116354311661	0	0	0	0	0	0	0	0	0	0	0	0	0	0
"g__Staphylococcus,s__epidermidis"	0.0462888516743	0.0199484765253	0.0146253084417	0.00636780359379	0.0112122371455	0	0	0	0	0	0.00196425395303	0	0.00454577759312	0.0124028683777	0.0036361085676	0.0179453927519	0.019575242549	0	0.00381310351815	0.0123399352997	0	0	0.0102906396777	0.0241110339259	0.0220163820855	0.015930050266	0.0209971701856	0.02770561053	0.00521267702572	0.020138219945	0.0178491726406	0.0310992564975	0.0422994805205	0.0217402928693	0.0290933417947	0.00910360863546	0.00325490989798	0.0111739132752	0	0	0	0	0.00440695802639	0	0	0	0	0.0077499207783	0	0	0	0	0	0	0	0	0	0	0	0.00612712868491
"g__Staphylococcus,s__pettenkoferi"	0	0	0	0	0	0	0	0	0	0	0	0	0	0.00714300714937	0	0	0	0	0	0	0	0	0	0	0	0	0	0	0	0	0	0	0	0	0	0	0	0	0	0	0	0	0.00868496012115	0	0	0	0	0.00866157229144	0	0	0	0	0	0	0	0	0	0	0	0
"g__Abiotrophia,s__"	0	0	0	0	0	0	0	0	0	0	0	0	0	0	0	0	0	0	0	0	0	0	0	0	0	0	0	0	0	0	0	0	0	0	0	0	0	0	0	0	0	0	0	0	0	0	0	0	0	0	0	0	0	0	0	0	0	0	0	0
"g__Aerococcus,s__"	0	0	0	0	0.00105840067202	0	0.00671143405915	0	0	0	0	0	0	0	0	0	0	0	0	0.00461269373053	0	0	0	0	0	0	0	0	0	0	0	0	0	0	0	0	0	0	0	0	0	0	0	0	0	0	0	0	0	0	0	0	0	0	0	0	0	0	0	0
"g__Alloiococcus,s__"	0	0.018629878514	0	0.0693473206081	0.00835755543827	0.0148559131461	0	0.065614546469	0.034185976614	0.00482889077863	0.00820480074964	0	0.00454577759312	0.00428543821869	0.0127017348295	0.0119514809527	0	0.0328456025347	0.00635188760561	0.0329628360225	0.0508251772644	0.00824595443131	0.00554274255478	0.0075723166257	0	0	0.0858764702077	0.0662519825584	0.0418803391152	0.131155973826	0.0239662257081	0.115754480859	0.0676153417757	0	0.0978721126254	0.0357225123063	0.034601261982	0.00794876068688	0.0121072165596	0	0.00676925553763	0.0636944093548	0.0442949505886	0.0356388636761	0.019472432063	0.0416192001723	0.012007893615	0.0093141279176	0.0189052920362	0.0224855780965	0	0.0300090507226	0	0.046931468552	0.141171523974	0.0411721837006	0.117761070817	0.0144835222633	0.0283833765202	0
"g__Granulicatella,s__"	0	0	0	0	0.0141344876401	0.0248393344721	0.00691191554136	0.0199026624263	0.0135909258324	0.0315973286456	0.0106207058735	0.0393600618117	0.00666508796195	0.00428543821869	0.0244876957659	0	0	0.0154315120835	0	0.0163659480938	0.0387779036031	0	0.00677257802395	0	0	0.00752945159806	0	0	0.0212501900704	0	0.0315642899207	0	0	0.00639172353256	0.00542293046956	0	0.00549516043484	0.0152192285986	0	0	0.00977718431816	0.00732936126919	0.0179028215531	0.0177203746857	0	0	0.0185480833428	0	0.0177907489533	0.0518455465662	0	0	0	0	0	0	0	0	0	0.0069234962825
"g__Enterococcus,s__"	0	0	0	0	0	0	0.0105374591415	0	0.00340836277066	0	0	0	0	0	0	0	0.0152706701522	0	0	0	0	0	0	0	0	0	0	0	0	0	0	0	0	0	0	0	0.00942926544262	0.0107716421062	0	0	0	0	0	0	0	0	0	0	0	0	0	0	0	0.00659611711033	0	0	0	0	0	0
"g__Lactobacillus,s__"	0	0	0	0	0	0	0	0	0	0	0	0.0175431812274	0	0	0	0	0	0	0.00713568913324	0	0	0	0	0	0	0	0	0	0	0	0	0	0	0	0	0	0	0	0	0	0	0	0	0	0	0	0	0	0	0	0	0	0	0	0	0	0	0	0	0
"g__Lactobacillus,s__helveticus"	0	0	0	0	0	0	0	0	0	0	0	0	0	0	0	0	0	0	0	0.00280833806903	0	0	0	0	0	0	0	0	0	0	0	0	0	0	0	0.0112297979254	0	0.00794876068688	0	0	0	0	0	0	0	0	0.0113850597844	0.00622472249932	0	0	0	0	0	0	0	0	0	0	0	0
"g__Lactobacillus,s__iners"	0	0	0	0	0	0	0	0	0	0	0	0	0	0	0	0	0	0	0	0.00280833806903	0	0	0.0220606281715	0	0	0	0	0	0	0	0	0	0	0	0	0	0	0	0	0	0	0	0	0.0115846661157	0	0	0	0	0	0	0	0	0	0	0	0	0	0	0	0
"g__Lactobacillus,s__reuteri"	0	0	0	0	0.00272206634644	0	0	0.00987451913191	0	0	0	0	0	0	0	0	0	0	0	0	0	0	0	0	0	0	0	0	0	0	0	0	0	0	0	0	0	0	0	0	0	0	0	0	0	0	0	0	0	0	0	0	0	0	0	0	0	0	0	0
"g__Lactococcus,s__"	0	0	0	0	0.00403580800588	0	0.0156130568567	0	0	0	0	0	0	0.00870410698827	0.0121380186788	0.0252670225419	0	0	0	0.0138593973541	0	0	0	0.00673500528422	0	0.0117630046664	0.00778937535036	0	0.044738745123	0	0	0	0	0	0	0	0.0398152688856	0	0	0.0215543270972	0.0117479520722	0	0	0	0.0100704843983	0	0	0	0	0	0	0	0	0	0	0	0	0	0	0
"g__Streptococcus,s__agalactiae"	0	0	0	0	0	0.00993475124734	0	0	0	0	0	0	0	0	0	0	0	0	0	0	0	0	0	0	0.00675586420336	0	0	0	0.0155636205276	0	0	0	0	0	0	0	0	0	0	0.0467470056449	0	0	0	0	0	0	0	0.0956230774491	0	0	0	0	0	0	0	0	0	0	0	0
"g__Streptococcus,s__anginosus"	0	0	0	0	0	0	0	0	0	0	0	0	0	0	0	0	0	0	0	0	0	0	0.0428387373298	0	0	0	0	0	0	0	0	0	0	0	0	0	0	0	0	0	0	0	0	0	0	0	0	0	0	0	0	0	0	0	0	0	0	0	0	0.00480690607707
"g__Streptococcus,s__infantis"	0.00306930608507	0	0	0	0	0	0	0	0	0	0	0	0	0.00191840433151	0	0	0	0	0	0	0.00896735535744	0.00470808191177	0	0	0	0	0	0	0	0	0.00825029033521	0	0	0	0	0	0.00232211661409	0	0	0	0	0	0	0	0	0	0	0	0	0	0	0	0	0	0	0	0.0154130934179	0	0	0
"g__Streptococcus,s__luteciae"	0	0	0	0	0	0	0	0	0	0	0	0	0	0	0	0	0	0	0.00879975793344	0	0	0	0	0	0	0	0	0	0	0	0	0	0	0	0	0	0.00162745494899	0	0	0	0	0	0.00440695802639	0	0	0	0	0	0	0	0	0	0	0	0	0	0	0	0	0
"g__Moryella,s__"	0	0	0	0	0	0.00818994035173	0	0	0	0	0	0	0	0.00555859437241	0	0	0	0	0	0	0.0058128119144	0	0	0	0	0	0	0	0	0	0	0	0	0	0	0	0.00162745494899	0	0	0	0	0	0.00440695802639	0.00568438790075	0	0	0	0	0	0	0	0	0	0	0	0	0	0	0	0
"g__Oribacterium,s__"	0	0	0	0	0.00463304174769	0	0	0.00589677651942	0	0	0	0	0	0	0	0	0	0	0	0	0	0	0	0	0	0	0	0	0	0	0	0	0	0	0	0	0	0	0	0	0	0	0	0	0	0	0	0	0	0	0	0	0	0	0	0	0	0	0	0
"g__[Ruminococcus],s__gnavus"	0	0	0	0	0	0	0	0	0	0	0	0	0	0	0.00987992009616	0	0.00966845134113	0	0	0.00327773588744	0	0	0	0	0.00675586420336	0	0	0	0	0	0	0	0	0	0	0	0	0	0	0	0	0	0	0	0	0	0	0.0093141279176	0	0	0	0	0	0	0	0	0	0	0	0
"g__Peptostreptococcus,s__"	0	0	0	0	0.00384677469885	0	0	0	0	0	0	0	0	0	0	0	0	0	0	0	0	0	0	0	0	0.0028790932009	0	0	0	0	0	0	0	0	0	0	0	0	0	0	0	0	0	0	0	0	0	0	0	0	0	0	0	0	0	0	0	0	0	0
"g__Dialister,s__"	0	0	0.00578224294607	0	0.00866002200433	0	0	0	0	0	0	0	0	0	0	0	0.0075564086075	0	0	0	0	0	0	0	0	0	0	0	0	0	0	0	0	0	0	0	0	0	0	0	0	0	0	0	0	0	0	0	0	0	0	0	0	0	0	0	0	0	0	0
"g__Megasphaera,s__"	0	0	0	0	0.0035654150821	0	0	0	0	0	0	0	0	0.00764596933751	0	0	0.00600941697075	0	0	0.00712915073667	0.0154547595475	0	0	0	0.00675586420336	0	0	0	0.00521267702572	0	0	0	0	0	0	0	0.0192651946239	0	0	0.0290698094592	0.0291584231107	0	0.017292600471	0.0310814205013	0.0100704843983	0	0	0	0.0121516428222	0.00929780486942	0	0	0	0.0099512754411	0	0	0	0	0.0220914139556	0
"g__Selenomonas,s__"	0	0	0	0	0.00323374393208	0	0	0	0	0	0	0	0	0	0	0	0	0	0	0	0	0	0	0	0	0	0	0	0	0	0	0	0	0	0	0	0.00901717952075	0	0	0	0	0	0	0	0	0	0	0	0.00667173163587	0	0	0	0	0	0	0	0	0	0	0
"g__Veillonella,s__dispar"	0.00612389568906	0	0	0	0.0137805148078	0.0157104957482	0	0.0339819183636	0.0116800284847	0.0266993226979	0.00978833216728	0.00565657762246	0.0112974737176	0.00489022592549	0.0235159405657	0.0209911083679	0.0075564086075	0.00458851225048	0	0.014369304726	0.0369237832929	0.0179969786168	0.0315418802285	0.0302830323109	0.0249933513316	0.0124683869092	0.013862238489	0	0.0220151136407	0.0207476041884	0.0537151666288	0	0.0259098166675	0.0659284721098	0.0597520166793	0.0368127063133	0.0541916098204	0.0205946666819	0.0350955397369	0.10015728802	0.0369664577108	0.0163297452304	0.0354377354639	0.077494717065	0.0226172805645	0	0.0250958458957	0.0118306007332	0.0536499456649	0.0265879186319	0	0.0154604485188	0	0.0611915472745	0.0127158738573	0.0119651502747	0	0	0.0350448299678	0.0230558720424
"g__Veillonella,s__parvula"	0	0	0	0	0.00230490541432	0	0	0	0	0	0	0	0	0	0	0	0	0	0	0	0.00514723634873	0	0.0271913420399	0	0	0	0	0	0	0	0	0	0	0	0	0	0.00393206057805	0	0	0	0	0	0	0	0	0.0036787008392	0.00738064917236	0	0	0	0	0	0	0	0	0	0	0	0.018697247346	0
"g__Anaerococcus,s__"	0	0	0	0.00636780359379	0.00427090490669	0	0	0	0	0	0	0	0	0	0	0	0.0075564086075	0	0	0.00327773588744	0.0030111065698	0	0.0221753073632	0	0	0	0	0	0.0235052939097	0	0	0.0353048256067	0	0	0	0	0	0	0	0	0	0	0	0	0	0	0	0	0	0	0	0	0	0	0.0102902864091	0	0	0	0	0
"g__Finegoldia,s__"	0.00306930608507	0	0	0	0	0	0	0	0	0	0	0	0	0.00489022592549	0.00423149541795	0.00935378939719	0.0107670157993	0	0	0.00540793695369	0.00917284143226	0	0.0133469230514	0	0.00675586420336	0	0	0	0	0	0	0	0	0	0	0	0	0	0	0	0	0	0	0	0	0	0	0.0114111350872	0	0	0	0	0	0.00659611711033	0	0	0	0	0	0
"g__Parvimonas,s__"	0	0	0	0	0.0036545554372	0	0	0	0	0	0	0	0	0	0	0	0	0	0	0	0	0.00470808191177	0	0	0	0	0	0	0	0	0.00802109275703	0	0	0	0	0	0	0	0	0	0	0	0	0	0	0	0	0	0.00667173163587	0	0	0	0	0	0	0.015193816642	0	0	0	0
"g__Peptoniphilus,s__"	0	0	0	0	0.00105840067202	0	0	0	0	0	0	0.020031645295	0	0	0	0	0	0	0	0	0	0	0.00977821886249	0	0	0.0028790932009	0	0	0	0	0	0	0	0	0	0	0	0.0062400730079	0	0	0	0	0.0133576292225	0.00568438790075	0	0	0	0.00622472249932	0	0	0	0	0	0	0	0	0	0	0	0
"g__WAL_1855D,s__"	0	0	0	0	0	0	0	0	0	0	0	0	0	0	0	0	0	0	0	0	0	0	0.00868551368369	0	0	0	0	0	0	0	0	0	0	0	0	0	0	0	0	0	0	0	0	0	0	0	0	0	0	0	0	0	0	0.00659611711033	0	0	0	0	0	0
"g__Bulleidia,s__moorei"	0	0	0	0	0.00272206634644	0	0	0	0	0.00574559716436	0	0	0	0	0	0	0	0	0	0.00327773588744	0	0	0	0	0	0	0	0	0	0	0	0	0	0	0	0	0	0	0	0	0	0	0	0	0	0	0	0	0	0.00929780486942	0	0	0	0	0	0	0	0	0	0
"g__Fusobacterium,s__"	0	0	0	0	0.00406395060496	0	0	0	0	0	0	0	0	0	0	0	0	0	0	0.00205784994218	0	0	0.0128915229244	0	0	0.00989537921727	0	0	0	0	0	0	0.0132733821991	0	0	0	0	0	0	0	0	0	0.00933148787848	0	0	0	0	0	0	0	0	0	0	0	0	0	0	0	0	0
"g__Leptotrichia,s__"	0	0	0	0	0.0143240519396	0	0.00467899008508	0.00589677651942	0	0	0	0.0192208949492	0	0.0119330452419	0.0163636037197	0	0	0.00744517357373	0	0.0220995535546	0	0	0.0158562160204	0	0	0.0107423417532	0	0	0	0	0	0	0	0	0	0	0.0137039902202	0	0	0	0	0	0.00564904972656	0	0	0	0.0109979766901	0	0	0.0219066752564	0	0	0	0.0109579103826	0	0	0	0	0	0
"g__Brevundimonas,s__diminuta"	0	0	0	0	0	0	0	0	0.0122046026736	0	0.00380605223398	0	0	0	0	0	0	0	0	0	0	0	0	0	0	0	0	0	0	0	0	0	0	0	0	0	0	0	0	0	0	0	0.00440695802639	0	0	0	0	0	0	0	0	0	0	0	0	0	0	0	0	0
"g__Afipia,s__"	0	0	0	0	0	0	0	0	0	0	0	0	0	0	0	0.00744983856799	0	0	0	0	0	0	0	0.0081727286761	0	0	0	0.0160191697109	0	0	0	0	0	0	0	0	0	0	0	0	0	0	0	0	0	0	0	0	0	0	0.0323302420714	0	0	0	0	0	0	0	0	0
"g__Bosea,s__genosp."	0	0	0	0	0	0	0.00285437721986	0	0	0.00607907785478	0	0	0	0	0	0	0	0	0.00743632913835	0	0	0	0	0	0	0	0	0	0	0	0	0	0	0	0	0	0	0	0	0	0	0	0	0	0	0	0	0	0	0	0	0	0	0	0	0	0	0	0	0
"g__Bradyrhizobium,s__"	0	0	0	0	0.00520219926447	0	0.00833801531771	0	0	0	0.0130247895581	0	0.00888884604838	0	0	0	0	0	0.0058036290552	0	0	0	0	0	0	0.0099101166677	0	0	0	0	0	0	0	0	0	0	0	0	0	0	0	0	0	0	0	0	0	0	0	0	0	0	0	0	0	0	0	0	0	0
"g__Ochrobactrum,s__"	0	0	0	0.00636780359379	0	0	0	0	0	0	0.00965838657568	0	0	0	0	0	0	0	0	0	0	0	0	0	0	0	0	0	0	0	0	0	0	0	0	0	0	0	0	0	0	0	0	0	0	0	0	0	0	0	0	0	0.00641031694161	0	0	0	0	0	0	0
"g__Pseudochrobactrum,s__"	0	0.0136799700636	0	0	0.00187161558696	0	0	0	0	0	0.00196425395303	0.00974956529219	0	0.00446298261876	0	0	0.0120824021899	0	0	0	0	0	0	0	0	0	0	0	0	0	0	0	0	0	0	0	0	0	0	0	0	0	0	0	0	0	0	0	0	0	0	0	0	0	0	0	0	0	0	0
"g__Devosia,s__"	0	0	0	0	0.00105840067202	0	0	0	0	0	0	0	0	0	0	0	0	0.0101708532814	0	0	0	0	0	0	0	0	0	0	0	0	0	0	0	0	0	0	0	0	0	0	0	0	0	0	0	0	0	0	0	0	0	0	0	0	0	0	0	0	0	0
"g__Methylobacterium,Other"	0	0	0.0123236360516	0.00636780359379	0	0	0	0	0	0.00574559716436	0	0	0	0	0	0	0	0	0	0.00205784994218	0	0	0	0	0	0	0	0.0421649390611	0	0	0	0	0	0	0	0	0	0	0	0	0	0	0	0	0	0	0	0	0	0	0	0	0	0	0	0	0	0	0	0
"g__Phyllobacterium,s__"	0	0	0	0	0	0	0	0	0	0	0	0	0	0	0.00882642326619	0	0	0.0068321303598	0.00678188886869	0.0047436864136	0	0	0	0.00534106966858	0	0	0	0	0	0	0	0	0	0	0	0	0	0	0	0	0	0	0	0	0	0	0	0	0	0	0	0	0	0	0	0	0	0	0	0
"g__Agrobacterium,s__"	0	0	0	0.00636780359379	0	0	0.009155457125	0	0.0205956273952	0	0	0.0188370240897	0	0.0124578753513	0	0	0	0	0.00961673257336	0	0	0	0	0.0108215180554	0	0.00818016671709	0	0	0.00521267702572	0	0	0	0	0	0	0	0	0	0	0	0	0	0	0	0	0	0	0.00622472249932	0	0	0	0	0.00641031694161	0	0	0	0	0	0	0
"g__Paracoccus,Other"	0	0	0.0120793492104	0.00636780359379	0	0.0155569450774	0	0	0.00681672554131	0	0.00790285772916	0	0	0	0	0	0	0	0.0152082757893	0	0	0	0	0	0	0.00650626946257	0	0	0.00653996992914	0	0	0.00905631075217	0	0	0	0	0	0	0.0104174085409	0	0	0	0	0	0	0	0	0.0077499207783	0	0	0	0	0	0	0	0	0	0	0	0
"g__Paracoccus,s__marcusii"	0	0	0	0	0.00309157070748	0	0.00285437721986	0	0	0	0	0	0	0	0	0	0	0	0	0	0	0	0	0.00673500528422	0	0	0	0	0	0	0	0	0	0	0	0	0	0	0	0	0	0	0	0	0	0	0	0	0	0	0	0	0	0	0	0	0	0	0	0
"g__Rubellimicrobium,s__"	0	0	0	0	0	0	0	0	0.0196713158538	0	0	0	0	0	0	0	0	0	0	0	0	0	0	0	0	0	0	0	0	0	0	0	0	0	0	0	0	0	0	0	0	0	0	0	0	0	0	0	0	0	0	0	0	0	0	0	0	0	0	0
"g__Kaistobacter,s__"	0	0	0	0	0	0	0	0	0	0	0	0	0.0107270395575	0	0	0	0	0	0	0	0	0	0	0	0	0	0	0	0	0	0	0	0	0	0	0	0	0	0	0	0	0	0	0	0	0	0	0	0	0	0	0	0.0164710146427	0	0	0	0	0	0	0
"g__Novosphingobium,s__"	0	0	0	0	0	0	0	0	0	0	0	0	0	0	0	0	0	0	0	0	0	0	0	0	0	0	0	0	0	0	0	0	0	0	0	0	0	0	0	0	0	0	0	0	0	0	0	0	0	0	0	0	0	0	0	0	0	0	0	0
"g__Sphingobium,s__"	0	0	0	0	0	0.0058826815751	0	0	0	0	0	0	0.00586489759664	0	0	0	0	0	0	0	0	0	0	0	0	0	0	0	0	0	0	0	0	0	0	0	0	0	0	0	0	0	0	0	0	0	0	0	0	0	0	0.0171460093912	0	0	0	0	0	0	0	0
"g__Sphingobium,s__yanoikuyae"	0	0	0	0.00784813827708	0.00230490541432	0.0053466252156	0	0	0	0	0	0	0	0	0	0	0	0	0	0	0	0	0	0	0	0	0	0	0	0	0	0	0	0	0	0	0	0.00794876068688	0	0	0	0	0	0	0	0	0	0	0	0	0	0	0	0	0.0151962711065	0	0	0	0	0
"g__Achromobacter,s__"	0	0	0.00444206229492	0.00636780359379	0.00246499963362	0.00801125489857	0	0	0.00862440906119	0	0	0.0148200560546	0	0.0156043513117	0	0	0.0075564086075	0.00831956435915	0.00381310351815	0	0	0	0	0	0	0.0124235447523	0	0	0	0	0	0	0	0	0	0	0	0	0	0	0	0	0	0	0	0	0	0	0	0	0	0	0.0139471507481	0	0	0	0	0	0	0
"g__Lautropia,s__"	0	0	0	0	0.00154883856025	0	0.00709375074857	0	0	0	0.00663128597135	0	0	0	0	0	0	0	0	0	0	0.00948852710452	0	0	0	0	0	0	0	0	0	0	0	0	0	0	0	0	0	0	0	0	0	0	0	0	0	0	0	0	0	0	0	0.00659611711033	0	0	0	0	0	0
"g__Pandoraea,s__"	0	0	0	0	0	0	0	0	0	0	0.00196425395303	0	0	0	0	0	0	0	0	0.00388980163144	0	0	0	0	0	0	0	0	0	0	0	0	0	0	0	0	0	0	0	0	0	0	0	0	0	0	0	0	0	0	0	0	0	0	0	0	0	0	0	0
"g__Acidovorax,Other"	0	0	0	0	0.00105840067202	0	0.00977568395081	0	0	0	0.00612133976432	0	0	0.00650912643724	0	0	0	0	0	0	0.00468275714381	0	0	0	0	0	0	0	0	0	0	0	0	0	0	0	0	0	0	0	0	0.00732936126919	0.00564904972656	0	0	0	0	0	0	0	0	0	0	0	0	0	0	0	0	0
"g__Comamonas,s__"	0.0104513295092	0.0136799700636	0	0.00636780359379	0.00479612279943	0	0.00594720899289	0	0.0170173077769	0	0.00959882817953	0.0242300795546	0.00454577759312	0.00961013253502	0.00947656474166	0	0	0.0138792798936	0.0138684429318	0	0	0	0	0	0	0.00579458916397	0.0147653707311	0	0.00521267702572	0	0	0	0	0	0	0	0	0	0	0	0	0	0	0	0	0	0	0	0	0	0	0	0.0247443939864	0	0	0	0	0	0	0
"g__Delftia,s__"	0	0	0	0	0	0	0.00814447514955	0	0.0236036761998	0	0.003186825394	0.0163000809996	0	0.00864698065662	0	0	0	0.0181188669705	0.0112494326565	0.00567797116127	0	0	0	0	0	0	0.00958311191323	0	0.0117526469549	0	0	0	0	0	0	0	0	0	0	0	0	0	0.00440695802639	0	0	0	0	0	0	0	0	0	0.0328092260666	0	0	0	0	0	0	0.00830907644518
"g__Diaphorobacter,s__"	0	0	0	0	0.00260212843008	0	0	0	0	0	0	0	0	0	0	0	0	0	0	0	0	0	0	0	0	0	0	0	0	0	0	0	0	0	0	0	0	0.00794876068688	0	0	0	0	0	0	0	0	0	0	0	0	0	0	0	0	0	0	0	0	0	0
"g__Schlegelella,s__"	0	0	0	0	0	0	0	0	0	0	0	0	0	0	0	0	0	0	0	0	0	0	0	0	0	0	0	0	0	0	0	0	0	0	0	0	0	0	0	0	0	0	0	0	0	0	0	0	0	0	0	0	0	0	0	0	0	0	0	0
"g__Tepidimonas,s__"	0	0	0	0	0.00369623834339	0.00563636070743	0.00285437721986	0	0	0	0	0.0102332237116	0	0.00191840433151	0.004665071757	0	0	0	0.0111206265971	0	0.00648752283096	0	0	0	0	0.0103381325358	0	0	0	0.0198592137459	0.0130040838841	0	0.0270332390148	0	0.0168244507739	0	0.00722492575831	0	0	0	0	0	0	0	0	0.0036787008392	0	0	0	0	0	0.0126256549846	0	0	0	0	0	0	0	0.00612712868491
"g__Variovorax,s__paradoxus"	0	0	0.00444206229492	0	0	0	0	0	0	0	0.00453979362655	0	0.00666508796195	0	0	0.012917791522	0	0	0	0	0	0	0	0.00673500528422	0	0	0	0	0.00653996992914	0	0	0	0	0	0	0	0	0	0	0	0	0	0	0	0	0	0	0	0	0	0	0	0	0	0	0	0	0	0	0
"g__Janthinobacterium,s__"	0	0	0	0	0	0	0	0	0	0	0	0	0	0	0	0	0	0	0	0.00554795141507	0	0	0	0	0	0	0	0	0	0	0	0	0	0	0	0	0	0	0	0	0	0	0	0	0	0	0	0.00622472249932	0	0	0	0	0	0	0	0	0	0	0	0.010934034762
"g__Janthinobacterium,s__lividum"	0	0	0.0166541889359	0	0.00230490541432	0.0122280716446	0.010413468218	0	0	0	0	0	0.0129211609637	0.00462048945224	0.00940586325016	0	0.00600941697075	0	0.00635188760561	0.00327773588744	0	0	0	0.00534106966858	0	0.017391577081	0	0	0	0	0	0	0	0	0	0	0	0	0	0	0	0	0.00564904972656	0	0	0	0	0.00622472249932	0	0	0	0.0126256549846	0	0.00825087385392	0	0	0	0	0	0
"g__Ralstonia,s__"	0.00835304838109	0	0.0232308810469	0	0	0.00835114570622	0	0	0	0	0.0169696309031	0.0102332237116	0.0178900525202	0.00570242171332	0.00840355251576	0.015481967082	0	0	0	0.0113060571954	0	0	0	0.0111057675181	0	0	0.0143513883742	0	0.0213801623725	0	0	0	0	0	0	0	0	0	0	0	0	0.00999482078651	0.00640006002704	0	0	0	0	0.00622472249932	0	0.0113745244804	0	0	0	0.00659611711033	0	0	0	0	0	0
"g__Neisseria,s__cinerea"	0	0	0	0	0	0.00499485251081	0	0	0	0	0	0	0	0.00696209104338	0	0	0	0.0113581531438	0	0.0047436864136	0	0	0	0	0	0	0	0	0	0	0	0	0	0	0	0	0	0	0	0	0	0.0120945160358	0	0	0	0	0.00369032458618	0	0	0	0	0	0	0	0	0	0	0	0	0
"g__Neisseria,s__subflava"	0	0	0	0	0.00812405151476	0.0117683336245	0.0169645715331	0.022530396479	0	0.010602532752	0	0.0149009801817	0.00454577759312	0	0.00701450239253	0	0	0	0	0.0124060065585	0.0311158356562	0.0465072464186	0	0.00673500528422	0	0.021366909864	0.00778937535036	0	0	0	0	0.0200864074849	0	0	0	0	0.00603915651807	0	0	0	0	0.0120945160358	0.00694022267287	0.00957638412355	0.0220780111271	0.00638868219325	0.0216130912049	0	0	0.00929780486942	0	0	0	0	0	0	0	0	0	0
"g__Campylobacter,s__"	0	0	0	0	0	0.00904977840833	0	0	0	0	0	0	0	0	0.00861264604347	0	0	0	0	0	0.0100593263924	0	0	0	0	0	0	0	0.00902365059844	0	0	0	0	0	0	0	0.00162745494899	0	0	0	0	0	0.00640006002704	0.00494363037407	0	0	0.00599333243784	0	0	0	0	0	0	0	0	0	0	0	0	0
"g__Citrobacter,s__"	0.00539240774113	0	0.00444206229492	0	0.00748321001919	0.00675165955257	0	0	0	0.00300876938581	0.00196425395303	0	0	0.00576137839962	0.0202224108339	0.0218090198005	0.00848447218232	0	0.0122188092935	0	0	0	0	0	0	0.00629843362315	0.00778937535036	0	0	0	0	0	0	0	0	0	0.0217798431851	0	0	0	0	0	0	0	0	0	0	0	0	0	0	0	0	0	0	0	0	0	0	0
"g__Erwinia,Other"	0	0	0	0	0	0	0	0	0	0	0.00790673804891	0	0	0.00616347841366	0	0	0	0	0	0.00205784994218	0	0.0185708396159	0	0	0	0	0	0	0	0	0	0	0	0	0	0	0	0	0	0	0	0	0	0	0	0	0	0	0	0	0	0	0	0	0	0	0	0	0	0
"g__Gluconacetobacter,s__"	0.0336925950478	0	0.0527173661802	0.0235762499857	0.015609717374	0.0368568451895	0.0413205536937	0	0	0.0380821922906	0.03449820833	0.0540414716345	0.0452969322008	0.0357424910664	0.0379806405042	0.0250279686944	0.0365144560274	0	0.0387094132523	0.020627853856	0	0	0	0.0339025744244	0.00675586420336	0.0306976054036	0.0414569486396	0	0.0207762975533	0	0	0	0	0	0	0	0	0	0	0	0	0.00999482078651	0.0238464932256	0	0	0	0	0.0290025257836	0	0.0206723293498	0	0.0309208970376	0	0.0165473925514	0	0	0	0	0	0.0206011275315
"g__Providencia,s__"	0	0	0	0	0	0	0.00954063200256	0	0	0	0.00887961542602	0	0	0.00462048945224	0	0	0	0	0	0	0	0	0	0	0	0.00686160576741	0	0	0	0	0	0	0	0	0	0	0	0	0	0	0	0	0	0	0	0	0	0	0	0	0	0	0	0	0	0	0	0	0	0
"g__Halomonas,Other"	0.00418552489549	0	0	0	0	0	0	0	0	0	0	0	0	0.00555859437241	0	0.010495554184	0	0	0	0.00280833806903	0	0	0	0	0	0.00729100720775	0	0	0	0	0	0	0	0	0	0	0	0	0	0	0	0	0	0	0	0	0	0	0	0	0	0	0	0	0	0	0	0	0	0
"g__Actinobacillus,s__parahaemolyticus"	0	0	0	0	0	0	0	0	0	0	0	0	0	0	0	0	0	0	0	0	0	0	0	0	0	0	0	0	0.00733569862293	0	0	0	0	0	0	0	0	0	0	0	0	0.00732936126919	0	0	0	0	0	0	0	0	0	0	0	0	0	0	0	0	0	0
"g__Haemophilus,s__influenzae"	0.0846639156483	0.0483348179938	0.24552112483	0.240156523873	0.0132866918428	0.0583077824941	0.150638219801	0.00589677651942	0.134572956391	0	0.00846830153261	0	0.0231160350841	0	0	0.00744983856799	0	0.150075995503	0.0401786073678	0.00205784994218	0.0318365792501	0.0392138349368	0	0.0081727286761	0.116702758512	0.0166795188991	0.0240038713147	0	0	0.0133829364649	0	0	0.153121110022	0.0277780279952	0	0.0224595958508	0.0128432853061	0	0.106360554204	0.0408844784389	0.291724797978	0	0.00440695802639	0.214735552005	0.411603088702	0.266848457447	0.168234655284	0.0077499207783	0.307839119588	0.00929780486942	0	0	0	0	0	0.326244564003	0	0.495727553323	0.440786697054	0.213654415109
"g__Haemophilus,s__parainfluenzae"	0	0	0	0	0.00795712076786	0	0	0	0	0.00482889077863	0.00940039043236	0	0	0.0130964764517	0.0124337605644	0.0149196655911	0	0	0	0.00388980163144	0.0256174221819	0	0.0131574919061	0.00534106966858	0	0.0181041391074	0	0	0.00835029842288	0	0	0	0	0	0.00956987729923	0	0.00472903261763	0.0062400730079	0.00659134433673	0	0	0	0.00440695802639	0	0	0	0.011286488913	0.0192326523745	0	0.00929780486942	0	0	0	0.00659611711033	0	0	0	0	0	0
"g__Acinetobacter,s__guillouiae"	0.00539240774113	0	0	0	0.00272206634644	0	0.0243453660332	0	0.0286085377729	0	0.00403165221939	0.0462280490947	0	0.0203785905537	0.00661605376614	0	0	0.0142773039335	0.0125268056791	0	0	0	0	0	0	0.0323510969576	0.020284013587	0	0.0115897595892	0	0	0	0	0	0	0	0	0	0	0	0	0	0.00694022267287	0	0	0	0	0.0093141279176	0	0	0	0	0.0377331917034	0	0	0	0	0	0	0
"g__Acinetobacter,s__johnsonii"	0	0	0	0	0.00703611438851	0.0131694834951	0.0101145834014	0	0	0	0.003186825394	0.0257723538282	0.00769158171538	0.0124630774119	0	0	0.0075564086075	0	0	0.00280833806903	0	0	0	0	0	0.0028790932009	0.0173724872636	0	0.0104253540514	0	0	0.00636153413441	0	0	0	0	0	0	0	0	0	0	0	0	0	0	0	0.0077499207783	0	0	0	0.0126256549846	0	0	0	0	0	0	0	0.00480690607707
"g__Acinetobacter,s__lwoffii"	0	0	0	0	0	0	0	0	0.0105374687097	0	0.00715305361763	0	0	0.00731640916788	0.00268063478342	0	0	0	0	0	0	0	0	0	0	0.0190638368411	0	0	0	0	0.00951471525217	0	0	0	0	0	0	0	0	0	0	0	0	0	0	0	0.00850415847415	0.0077499207783	0	0	0	0	0	0	0	0	0	0	0	0
"g__Acinetobacter,s__rhizosphaerae"	0	0	0	0	0.00272206634644	0	0	0	0	0	0.0845427823752	0	0	0	0	0	0	0	0	0	0	0	0	0	0	0	0	0	0	0	0	0	0	0	0	0	0	0.00971937864633	0	0	0	0	0	0	0	0	0	0	0	0	0	0	0	0	0	0	0	0	0	0
"g__Enhydrobacter,s__"	0.00488337517238	0.0136799700636	0	0.00784813827708	0.00474833348024	0	0	0.00589677651942	0.014216119088	0	0.00549146460503	0	0.00993763924564	0.00625827151712	0.009418241587	0.012917791522	0.0100937179952	0	0	0.00497117674504	0.0030111065698	0	0	0	0	0	0.00778937535036	0	0.00653996992914	0	0	0	0	0	0	0	0	0	0	0	0	0	0	0	0	0	0	0.0093141279176	0	0	0	0.0171460093912	0	0	0	0	0	0	0	0
"g__Psychrobacter,Other"	0	0.0136799700636	0	0	0.00154883856025	0.00393005172852	0	0	0	0	0	0	0.00964328658699	0	0	0	0	0	0	0.00446666475028	0	0	0	0	0	0	0	0	0	0	0	0	0	0	0	0	0	0	0	0	0	0	0	0	0	0	0	0	0	0	0	0	0	0	0	0	0	0	0	0
"g__Psychrobacter,s__pulmonis"	0	0	0	0	0.00309767712049	0	0	0	0	0	0	0	0	0	0	0	0	0	0	0	0	0	0	0	0	0	0	0	0	0	0	0	0	0	0	0	0	0	0	0	0	0	0	0	0	0	0	0	0	0	0	0	0	0	0	0	0	0	0	0
"g__Pseudomonas,s__fragi"	0	0	0	0	0	0.00773819976234	0	0	0	0	0	0	0	0	0	0	0	0	0	0	0	0	0	0	0	0	0	0	0	0	0	0	0	0	0	0	0	0	0.00659134433673	0	0	0	0	0	0	0	0	0	0	0	0	0	0	0	0	0	0	0	0	0
"g__Pseudomonas,s__stutzeri"	0	0	0	0	0.00105840067202	0	0.00648822317604	0	0.00463741458011	0	0	0	0	0.00355454871065	0	0	0	0.0113581531438	0	0	0	0	0	0	0	0	0	0	0	0	0	0	0	0	0	0	0	0	0	0	0	0	0	0	0	0	0	0	0	0	0	0	0.0192468229191	0	0	0	0	0	0	0
"g__Pseudomonas,s__veronii"	0	0	0	0	0.00154883856025	0	0	0	0	0.00959903366361	0	0.0138427415962	0	0.00511603388738	0.0117314293444	0	0.00848447218232	0	0	0.00411233882969	0	0	0	0.00534106966858	0	0	0.0106509769722	0	0.00653996992914	0	0	0	0	0	0	0	0	0	0	0	0	0	0	0	0	0	0	0	0	0	0	0	0	0	0	0	0	0	0	0
"g__Pseudomonas,s__viridiflava"	0.00869481237472	0	0	0	0.00448409836953	0.00849795568532	0.00814447514955	0	0	0	0.00641777814515	0.00565657762246	0.00947870230473	0	0	0	0	0	0	0.00205784994218	0	0	0	0.0075723166257	0	0	0	0	0.00653996992914	0	0	0	0	0	0	0	0	0	0	0	0	0	0	0	0	0	0	0.00622472249932	0	0	0	0	0	0	0	0	0	0	0	0
"g__Luteimonas,s__"	0.0139328284617	0	0	0	0	0	0	0	0	0	0.00772571662061	0	0	0.00191840433151	0	0	0	0	0	0	0	0	0	0	0	0	0	0	0	0	0	0	0	0	0	0	0	0	0	0	0	0	0	0	0	0	0	0	0	0	0	0	0.00825630177392	0	0	0	0	0	0	0
"g__Stenotrophomonas,s__geniculata"	0.00306930608507	0	0.0152612813185	0.00636780359379	0	0.00563636070743	0	0	0.0172393039986	0.00636311461661	0.00671304340607	0.0233567026116	0	0.00693415405151	0	0.0188388161262	0	0.0101708532814	0.00865318552098	0	0	0	0	0.00534106966858	0	0.00818016671709	0.00778937535036	0	0	0	0	0	0	0	0	0	0	0	0	0	0	0	0.00868496012115	0	0	0	0	0.00866157229144	0	0	0	0	0.0209451370013	0.0109579103826	0	0	0	0	0	0.00480690607707
"g__Meiothermus,s__"	0.00947465447476	0	0	0.00872994114824	0.00666488430206	0.0053466252156	0.0121873142178	0	0	0	0.00353289577163	0	0.0123825214945	0	0	0.00744983856799	0.0122450186393	0	0	0	0	0	0	0.00864118366523	0	0.0166604987707	0.00958311191323	0	0	0.00898231004804	0.0107369195626	0.014680504848	0.0305764674601	0	0	0	0	0	0	0	0	0	0.0156198040273	0	0	0	0	0.0111688948806	0	0	0	0	0	0	0	0	0	0	0	0.00749565905066
"g__Thermus,s__"	0.0165691809293	0	0	0.00784813827708	0.00666607903504	0.0122596043717	0.00285437721986	0	0	0	0.0142117162014	0	0.0270886450369	0.0113500291219	0.00788042838859	0.010495554184	0.024582679377	0	0.0230933441412	0.00554795141507	0.00404340122165	0	0	0.010663882061	0	0.0171905431418	0.0173724872636	0	0	0	0	0	0	0	0	0	0	0	0	0	0	0	0.00903498336415	0	0	0	0	0	0	0	0	0	0	0	0	0	0	0	0	0
"g__Acinetobacter,Unknown"	0	0	0	0.00784813827708	0.00459368193341	0.00721893800746	0.02249856818384	0.00589677651942	0.00975428333781	0	0.01390237350135	0	0	0.0102557660506	0.00908982535282	0.012917791522	0.00600941697075	0	0.01059499238684	0.00918363962418	0	0.0170860950064	0	0	0	0.0186846938855	0.00778937535036	0	0	0	0.00413501491978	0	0	0	0	0.0124970262893	0	0	0	0	0	0.01632974523036	0	0	0	0.0036787008392	0	0	0	0	0	0	0.00641031694161	0.0099512754411	0	0	0	0	0	0
"g__Corynebacterium,Unknown"	0.0900228171155	0.0335396575455	0.0730528426112	0.125216934942	0.04049859393202	0.022392463404	0.0179144427241	0.208360379097	0.0373381788093	0.0179165125974	0.0156662044273	0.00736711371745	0.0579164032695	0.0636169618772	0.0223652013058	0.0721163271557	0.128966835279	0.094403421837	0.0225925550653	0.1039510524302	0.0380433976624	0.0186390225479	0.103926773701	0.0176665122962	0.0787229576234	0.0332023421714	0.144623633194	0.208956265668	0.043362220287	0.136073515165	0.0412167704636	0.1681323935	0.0480697110519	0.144376672796	0.10436502619	0.089319275132	0.0451789636004	0.126089867269	0.0705323202683	0.0190459864381	0.0287367224983	0.0634170943969	0.078938242211	0	0	0.1392533499524	0.0353992331335	0.0742829834362	0.0648887161302	0.0185956097388	0.1593548390679	0	0.078259671078	0.0988824708236	0.104886674392	0.0863258572499	0.0752989826576	0.0984725048098	0.0887712463894	0.11164292269307
"g__Haemophilus,Unknown"	0.0147855959813	0	0.0469871117276	0.0422967116758	0.0117349991982	0.011690187301	0.0251398062312	0	0.0246546985717	0.016663401418	0.00196425395303	0	0.00586489759664	0	0.00983464437763	0	0.00600941697075	0.0184867236819	0	0.00831436474961	0.01199969865206	0.0412793597435	0.0240958968066	0	0.0164213841409	0.01655935199552	0	0	0.00521267702572	0.0184703473719	0.00413501491978	0.010348632121	0.040782513106	0	0	0	0.0035829075364	0	0.0173952533371	0	0.0557815861849	0	0.0094642089468	0.04720303988765	0.0553944085712	0.05308385080744	0.0407532204991	0	0.06839439583826	0.02912172353932	0	0.0126256549846	0	0.0230684842292	0.0151962711065	0.0635997595641	0.0154130934179	0.0713252778585	0.0867342686336	0.0243947073452
"g__Jeotgalicoccus,Unknown"	0.01405016611885	0	0	0.015097744742	0.00317095407659	0.00563636070743	0.0131038398805	0	0	0	0	0	0	0	0	0	0	0	0	0.00774440063772	0	0	0	0	0	0	0	0.0164862158924	0	0	0	0	0	0	0	0	0	0	0	0	0	0	0	0	0	0.00866266374135	0	0.00622472249932	0	0	0	0	0	0	0	0	0	0	0	0
"g__Klebsiella,Unknown"	0.00306930608507	0	0.0126246376129	0	0.01007478497461	0.0062866660779	0.00691191554136	0.00589677651942	0	0.00534140633951	0.00196425395303	0	0.02195128477884	0.00191840433151	0.00692372792237	0.0287224005367	0	0.00865432935797	0.00762620703631	0.00280833806903	0	0.00470808191177	0	0	0.0164213841409	0.0054781748436	0.0106509769722	0	0.00653996992914	0	0	0	0	0	0	0	0.00665959649535	0.02493860724493	0	0	0.01353851107526	0	0	0	0	0	0	0	0	0	0	0	0	0	0	0	0	0	0	0.00961381215414
"g__Moraxella,Unknown"	0.05081561497477	0.0199484765253	0	0.1415814406609	0.0569605541649	0.01923210726244	0.00909067152722	0.2012471093566	0.04707213651904	0.02376724456691	0.01099520184927	0	0.135368414147	0.00781214627192	0.06376761557216	0.013302417856	0.1848733850257	0.1498451230894	0.0962279811732	0.04243977189048	0.1181018164522	0.0727963074546	0.00802473702875	0.0169222685334	0.1412704394272	0.00394207904866	0.05802091751503	0.1000629912311	0.1416703719561	0.1976194971903	0.06004099237066	0.1270591038053	0.1919583860819	0.0889624421558	0.0984037160059	0	0.05503391486697	0.0062400730079	0.1420149227091	0.0145499368506	0.05787633594147	0.2114455224855	0.1136050659376	0.04349097487575	0.1119331137288	0.1122677449411	0.1142657376343	0.0168169925806	0.03525418453367	0.2181506415152	0.6411812955975	0.3394212426614	0.1711369382008	0.1170804228917	0.3000209850491	0.1978392684773	0.3579399897735	0.2361751719749	0.1313901085799	0.00480690607707
"g__Mycobacterium,Unknown"	0	0	0	0	0	0	0	0	0	0	0	0	0	0	0	0	0	0.00894522859832	0	0	0.00468275714381	0.02737004160165	0	0	0	0	0	0	0	0	0	0.0161436864451	0.0132733821991	0.1273576308267	0.0646990791132	0	0.00376930619433	0	0	0	0	0	0	0.04346573565607	0.0380428032119	0.04306695676544	0.02006873145748	0	0.00667173163587	0	0	0	0	0	0.03410539874	0.05187603431745	0	0	0.00979416278728	0
"g__Neisseria,Unknown"	0	0	0	0	0.0123755088235	0	0	0	0	0	0.00599590617242	0	0.0126072423414	0.00191840433151	0.0091794846575	0	0	0	0	0.01139070270366	0.00697027273768	0	0	0	0	0.0112796918689	0	0	0	0	0	0.0301529675152	0	0	0	0	0.00725141445648	0	0.00659134433673	0	0	0.0180345189273	0.00881391605278	0.0126097041	0	0	0.00599333243784	0	0	0	0	0.0126256549846	0	0	0	0	0	0	0	0
"g__Pseudomonas,Unknown"	0.0294459704764	0	0.0512224016055	0.0142159418709	0.02067053990252	0.042484180225	0.054939684064	0	0.01273162747016	0.0480172320066	0.0939691619259	0.0626635695425	0.02817383668122	0.044716141859	0.0246612155147	0.03653162749029	0.0120824021899	0.00458851225048	0.03216556575424	0.0362850616599	0	0.00983261306402	0	0.02419593768188	0	0.0336229263336	0.03295123796436	0	0.01965845135756	0	0	0	0	0	0	0	0	0.0159594516542	0	0	0	0.00732936126919	0.01322087407917	0	0	0	0	0.0326926355445	0	0	0	0.0252513099692	0.0419457258761	0.00659611711033	0	0	0	0	0	0.0226644371216
"g__Sphingomonas,Unknown"	0	0	0.01499956651642	0	0.00187161558696	0.00758259260939	0	0.00756780160744	0.0182933535917	0	0	0	0	0.00812638926326	0	0	0	0	0	0	0	0	0	0	0	0	0	0.0140701641984	0	0	0.00864151634486	0	0	0	0	0	0	0	0	0	0	0	0	0	0	0	0	0.00866157229144	0	0	0	0	0.02895773180942	0	0	0	0	0	0	0.00480690607707
"g__Staphylococcus,Unknown"	0.13308744546238	0.434161955735	0.0480223030637	0.03025297820959	0.0442452765568	0.0174522219205	0	0.02953406407471	0.00848328289166	0.00661046717335	0.0163852367009	0.0113154188569	0.01927233030335	0.0255572418367	0.02862618638273	0.0252670225419	0.0446833865943	0.01837944496738	0.0233628930285	0.0374235747028	0.0140167129465	0.0432010228881	0.0252943517628	0.15312748625558	0.0165565948079	0.0385527924446	0.0461046204844	0.0545932167359	0.03269155054844	0.0182929432665	0.0253893891391	0.1253323554835	0.0403066212139	0.0312554322463	0.062477796919	0.0276720026495	0.00935424376056	0.2243456569689	0.0115618802948	0.0145499368506	0.0154140169643	0.00732936126919	0.0146953285008	0	0.0277295211096	0.00498396290215	0.00741031974951	0.0531748556913	0.00667173163587	0.0338090038904	0.0378126549773	0.0126256549846	0.00641031694161	0.00659611711033	0.0102902864091	0	0	0.0150839457986	0.0198771230463	0.00961381215414
"g__Stenotrophomonas,Unknown"	0.00418552489549	0	0.0123807938554	0.00636780359379	0.00211255340456	0.00393005172852	0.00768852608954	0	0.01157681465694	0	0.01113200568043	0.00916121482017	0.02020631733174	0.00702702046587	0.00623522475435	0.015481967082	0	0.00744517357373	0.0140581820302	0.00205784994218	0	0	0	0.0075723166257	0	0	0.02023408888543	0	0	0	0	0	0	0	0	0	0	0	0	0	0	0	0	0	0	0	0	0	0	0.00929780486942	0	0	0.0201846828665	0	0	0	0	0	0	0
"g__Streptococcus,Unknown"	0.1404643443972	0.0459898186412	0.1460402565219	0.111560426369	0.1471438447888	0.2215353444741	0.1156123491148	0.114743662324	0.1312105785524	0.2802582887029	0.232118290916	0.1507740986954	0.1918638393085	0.1745969510916	0.1277525768965	0.1407722287269	0.1474320152367	0.204805686234	0.2615457004733	0.1511909410732	0.1811581608047	0.2766159931497	0.1709850164433	0.2048390687898	0.3718425634228	0.1151903058311	0.1144833242147	0.298632071451	0.1995883647778	0.116753363315	0.365866641005	0.1702425442682	0.0791551414183	0.1801701329234	0.3193728435378	0.433723734443	0.279571053755	0.1693651668449	0.2483906773293	0.1834317696358	0.0707134284442	0.3942832408691	0.1386538479899	0.133402302441	0.1195480815328	0.1590895922578	0.1866017356915	0.150582548367	0.1513931431596	0.2975853822393	0.0323302420714	0.2028802091358	0.293084247268	0.3932544616081	0.1996238931147	0.0370659351084	0.3098970192044	0.0144835222633	0.0190279841565	0.2377023011688
"g__Veillonella,Unknown"	0.0220868101567	0	0	0	0.0292886135044	0	0	0.0464720337901	0.0428413786542	0.0628206378958	0.0273453351924	0.0519834711056	0.0136504247109	0.0537811177147	0.0328771971966	0.0166009167634	0	0.00865432935797	0	0.031170863194	0.08905579029984	0.05424478393357	0.1055183780102	0.00534106966858	0.0208660214038	0.0524165765835	0	0	0.0162476630657	0.135563906461	0.0171840610082	0	0	0	0.00913415904089	0	0.09337834989814	0.0115230750939	0.0340649857056	0.0381497887264	0.029090061093	0.0219880838076	0.0534548558094	0.0698589032636	0.0263859842777	0.0504365244656	0.0577938150627	0.0168169925806	0.0412859239366	0	0	0	0	0.01319223422066	0	0.00574407238615	0.0242016317165	0	0.0137983078804	0.0221108870484
